56 56 56 56 56
258544 56 56 56 56
517024 56 56 56 56
772976 56 56 56 56
1033720 56 56 56 56
1291784 56 56 56 56
1555320 56 56 56 56
1811264 56 56 56 56
2069040 56 56 56 56
2330712 56 56 56 56
2591016 56 56 56 56
2851064 56 56 56 56
3111336 56 56 56 56
3366464 56 56 56 56
3623408 56 56 56 56
3878424 56 56 56 56
4143392 56 56 56 56
4401520 56 56 56 56
4662616 56 56 56 56
4921248 56 56 56 56
5188280 56 56 56 56
5446088 56 56 56 56
5712248 56 56 56 56
5967632 56 56 56 56
6225088 56 56 56 56
6491976 56 56 56 56
6753048 56 56 56 56
7011400 56 56 56 56
7273240 56 56 56 56
7530688 56 56 56 56
7784752 56 56 56 56
8038640 56 56 56 56
8292640 56 56 56 56
8541008 56 56 56 56
8796928 56 56 56 56
9062392 56 56 56 56
9325512 56 56 56 56
9575360 56 56 56 56
9830480 56 56 56 56
10085344 56 56 56 56
10350896 56 56 56 56
10610528 56 56 56 56
10863808 56 56 56 56
11128240 56 56 56 56
11386504 56 56 56 56
11652920 56 56 56 56
11903960 56 56 56 56
12149400 56 56 56 56
12395176 56 56 56 56
12650520 56 56 56 56
12919016 56 56 56 56
13177504 56 56 56 56
13430648 56 56 56 56
13691360 56 56 56 56
13940840 56 56 56 56
14182384 56 56 56 56
14431480 56 56 56 56
14695928 56 56 56 56
14947024 56 56 56 56
15197336 56 56 56 56
15451696 56 56 56 56
15702176 56 56 56 56
15950496 56 56 56 56
16195640 56 56 56 56
16449248 56 56 56 56
16694128 56 56 56 56
16932040 56 56 56 56
17166280 56 56 56 56
17408040 56 56 56 56
17651320 56 56 56 56
17897464 56 56 56 56
18147056 56 56 56 56
18414728 56 56 56 56
18666280 56 56 56 56
18903480 56 56 56 56
19138784 56 56 56 56
19378968 56 56 56 56
19618360 56 56 56 56
19863520 56 56 56 56
20118736 56 56 56 56
20362224 56 56 56 56
20620488 56 56 56 56
20867640 56 56 56 56
21113240 56 56 56 56
21363424 56 56 56 56
21608704 56 56 56 56
21857480 56 56 56 56
22104104 56 56 56 56
22347464 56 56 56 56
22581632 56 56 56 56
22826352 56 56 56 56
23074712 56 56 56 56
23343552 56 56 56 56
23601904 56 56 56 56
23847944 56 56 56 56
24095864 56 56 56 56
24340240 56 56 56 56
24594240 56 56 56 56
24849392 56 56 56 56
25095024 56 56 56 56
25343120 56 56 56 56
25597168 56 56 56 56
25840384 56 56 56 56
26107768 56 56 56 56
26349304 56 56 56 56
26590640 56 56 56 56
26833896 56 56 56 56
27076448 56 56 56 56
27336232 56 56 56 56
27588512 56 56 56 56
27833944 56 56 56 56
28059600 56 56 56 56
28296328 56 56 56 56
28539768 56 56 56 56
28774936 56 56 56 56
29024064 56 56 56 56
29279632 56 56 56 56
29550656 56 56 56 56
29783008 56 56 56 56
30019768 56 56 56 56
30272056 56 56 56 56
30514264 56 56 56 56
30753712 56 56 56 56
30993336 56 56 56 56
31235312 56 56 56 56
31473952 56 56 56 56
31722248 56 56 56 56
31954536 56 56 56 56
32193760 56 56 56 56
32422168 56 56 56 56
32670616 56 56 56 56
32905464 56 56 56 56
33177192 56 56 56 56
33411648 56 56 56 56
33652680 56 56 56 56
33887304 56 56 56 56
34125808 56 56 56 56
34372624 56 56 56 56
34615496 56 56 56 56
34863512 56 56 56 56
35094952 56 56 56 56
35348544 56 56 56 56
35597088 56 56 56 56
35847416 56 56 56 56
36096168 56 56 56 56
36347712 56 56 56 56
36597176 56 56 56 56
36842688 56 56 56 56
37132216 56 56 56 56
37384400 56 56 56 56
37636200 56 56 56 56
37885696 56 56 56 56
38137016 56 56 56 56
38393128 56 56 56 56
38638984 56 56 56 56
38895728 56 56 56 56
39146136 56 56 56 56
39403768 56 56 56 56
39654224 56 56 56 56
39906680 56 56 56 56
40158736 56 56 56 56
40407152 56 56 56 56
40660104 56 56 56 56
40913088 56 56 56 56
41161208 56 56 56 56
41413192 56 56 56 56
41664904 56 56 56 56
41946848 56 56 56 56
42199608 56 56 56 56
42449240 56 56 56 56
42699832 56 56 56 56
42951344 56 56 56 56
43197528 56 56 56 56
43444128 56 56 56 56
43687904 56 56 56 56
43922464 56 56 56 56
44172104 56 56 56 56
44422824 56 56 56 56
44671704 56 56 56 56
44916704 56 56 56 56
45168064 56 56 56 56
45417352 56 56 56 56
45669448 56 56 56 56
45926768 56 56 56 56
46174240 56 56 56 56
46417816 56 56 56 56
46678304 56 56 56 56
46934288 56 56 56 56
47222384 56 56 56 56
47473704 56 56 56 56
47730960 56 56 56 56
47975056 56 56 56 56
48226632 56 56 56 56
48467864 56 56 56 56
48700696 56 56 56 56
48953000 56 56 56 56
49198856 56 56 56 56
49446560 56 56 56 56
49689856 56 56 56 56
49941128 56 56 56 56
50197136 56 56 56 56
50436888 56 56 56 56
50685016 56 56 56 56
50928064 56 56 56 56
51182592 56 56 56 56
51435160 56 56 56 56
51683584 56 56 56 56
51940392 56 56 56 56
52186880 56 56 56 56
52436248 56 56 56 56
52686016 56 56 56 56
52971376 56 56 56 56
53216448 56 56 56 56
53456904 56 56 56 56
53627952 56 56 56 56
53876352 56 56 56 56
54126384 56 56 56 56
54376696 56 56 56 56
54626128 56 56 56 56
54880968 56 56 56 56
55133296 56 56 56 56
55386216 56 56 56 56
55627272 56 56 56 56
55861000 56 56 56 56
56098728 56 56 56 56
56350888 56 56 56 56
56593672 56 56 56 56
56841272 56 56 56 56
57091584 56 56 56 56
57343192 56 56 56 56
57588984 56 56 56 56
57844904 56 56 56 56
58091464 56 56 56 56
58343272 56 56 56 56
58583064 56 56 56 56
58825576 56 56 56 56
59071952 56 56 56 56
59320600 56 56 56 56
59630080 56 56 56 56
59883080 56 56 56 56
60131224 56 56 56 56
60371160 56 56 56 56
60623832 56 56 56 56
60876664 56 56 56 56
61124624 56 56 56 56
61375824 56 56 56 56
61630816 56 56 56 56
61879064 56 56 56 56
62114336 56 56 56 56
62366608 56 56 56 56
62614616 56 56 56 56
62856288 56 56 56 56
63113808 56 56 56 56
63363864 56 56 56 56
63626960 56 56 56 56
63881744 56 56 56 56
64130808 56 56 56 56
56 645872 56 56 56
56 56 56 1097048 56
56 56 56 1097048 56
56 56 56 1097048 56
56 56 4672 1097048 56
56 56 6064 1097048 56
56 56 6064 1097048 56
56 56 7392 1097048 56
56 56 7392 1097048 56
56 56 7392 1097048 56
56 56 9104 1097048 56
56 56 9104 1097048 56
56 56 9104 1097048 56
56 56 11568 1097048 56
56 56 14288 1097048 56
56 56 14288 1097048 56
56 56 14288 1097048 56
56 56 14288 1097048 56
56 56 14288 1097048 56
64222704 504088 12760 56 56
64222704 504088 12760 56 56
64222704 504088 12760 56 56
64222704 504088 12760 56 56
64222704 504088 12760 56 56
64222704 504088 12760 56 56
64222704 504088 12760 56 56
64222704 504088 12760 56 56
64222704 504088 12760 56 56
64222704 504088 12760 56 56
64222704 504088 12760 56 56
64222704 504088 12760 56 56
64222704 504088 12760 56 56
64222704 504088 12760 56 56
64222704 504088 12760 56 56
64222704 504088 12760 56 88
64222704 504088 12760 56 88
64222704 504088 12760 56 88
64222704 504088 12760 56 88
64222704 504088 12760 56 88
64222704 504088 12760 56 88
64222704 504088 12760 56 88
64222704 504088 12760 56 88
64222704 504088 12760 56 88
64222704 504088 12760 56 88
64222704 504088 12760 56 88
64222704 504088 12760 56 88
64222704 504088 12760 56 88
64222704 504088 12760 56 88
64222704 504088 12760 56 88
64222704 504088 12760 56 88
64222704 504088 12760 56 88
64222704 504088 12760 56 88
64222704 504088 12760 56 88
64222704 504088 12760 56 88
64222704 504088 12760 56 88
64222704 504088 12760 56 88
64222704 504088 12760 56 88
64222704 504088 12760 56 88
64222704 504088 12760 56 88
64222704 504088 12760 56 88
64222704 504088 12760 56 88
64222704 504088 12760 56 88
64222704 504088 12760 56 88
64222704 504088 12760 56 88
64222704 504088 12760 56 88
64222704 504088 12760 56 88
64222704 504088 12760 56 88
64222704 504088 12760 56 88
64222704 504088 12760 56 88
64222704 504088 12760 56 88
64222704 504088 12760 56 88
64222704 504088 12760 56 88
64222704 504088 12760 56 88
64222704 504088 12760 56 88
64222704 504088 12760 56 88
64222704 504088 12760 56 88
64222704 504088 12760 56 88
64222704 504088 12760 56 88
64222704 504088 12760 56 88
64222704 504088 12760 56 88
64222704 504088 12760 56 88
64222704 504088 12760 56 88
64222704 504088 12760 56 88
64222704 504088 12760 56 88
64222704 504088 12760 56 88
64222704 504088 12760 56 88
64222704 504088 12760 56 88
64222704 504088 12760 56 88
64222704 504088 12760 56 88
64222704 504088 12760 56 88
64222704 504088 12760 56 88
64222704 504088 12760 56 88
64222704 504088 12760 56 88
64222704 504088 12760 56 120
64222704 504088 12760 56 120
64222704 504088 12760 56 120
64222704 504088 12760 56 120
64222704 504088 12760 56 120
64222704 504088 12760 56 120
64222704 504088 12760 56 120
64222704 504088 12760 56 120
64222704 504088 12760 56 120
64222704 504088 12760 56 120
64222704 504088 12760 56 120
64222704 504088 12760 56 120
64222704 504088 12760 56 120
64222704 504088 12760 56 120
64222704 504088 12760 56 120
64222704 504088 12760 56 120
64222704 504088 12760 56 120
64222704 504088 12760 56 120
64222704 504088 12760 56 120
64222704 504088 12760 56 120
64222704 504088 12760 56 120
64222704 504088 12760 56 120
64222704 504088 12760 56 120
64222704 504088 12760 56 120
64222704 504088 12760 56 120
64222704 504088 12760 56 120
64222704 504088 12760 56 120
64222704 504088 12760 56 120
64222704 504088 12760 56 120
64222704 504088 12760 56 120
64222704 504088 12760 56 120
64222704 504088 12760 56 120
64222704 504088 12760 56 120
64222704 504088 12760 56 120
64222704 504088 12760 56 120
64222704 504088 12760 56 120
64222704 504088 12760 56 120
64222704 504088 12760 56 120
64222704 504088 12760 56 120
64222704 504088 12760 56 120
64222704 504088 12760 56 120
64222704 504088 12760 56 120
64222704 504088 12760 56 120
64222704 504088 12760 56 120
64222704 504088 12760 56 120
64222704 504088 12760 56 120
64222704 504088 12760 56 120
64222704 504088 12760 56 120
64222704 504088 12760 56 120
64222704 504088 12760 56 120
64222704 504088 12760 56 120
64222704 504088 12760 56 120
64222704 504088 12760 56 120
64222704 504088 12760 56 120
64222704 504088 12760 56 120
64222704 504088 12760 56 120
64222704 504088 12760 56 120
64222704 504088 12760 56 120
64222704 504088 12760 56 184
64222704 504088 12760 56 184
64222704 504088 12760 56 184
64222704 504088 12760 56 184
64222704 504088 12760 56 184
64222704 504088 12760 56 184
64222704 504088 12760 56 184
64222704 504088 12760 56 184
64222704 504088 12760 56 184
64222704 504088 12760 56 184
64222704 504088 12760 56 184
64222704 504088 12760 56 184
64222704 504088 12760 56 184
64222704 504088 12760 56 184
56 56 14288 3290888 216
56 56 56 56 56